      0/49       14G     0.116   0.03894    0.0725    0.2274        19      1216         0         0         0         0     0.104    0.0247   0.06781
      1/49     14.1G    0.1073   0.02324   0.06728    0.1978        26      1216         0         0         0         0    0.1032   0.02173   0.06746
      2/49     14.1G    0.1058   0.02201   0.06613    0.1939        12      1216         0         0         0         0    0.1037   0.02051    0.0671
      3/49     14.1G    0.1052   0.02155     0.065    0.1918        17      1216         0         0         0         0    0.1058   0.01972   0.06762
      4/49     14.1G    0.1048   0.02093   0.06412    0.1898        25      1216         0         0         0         0    0.1035   0.01984   0.06685
      5/49     14.1G    0.1035   0.02115    0.0631    0.1877        10      1216         0         0         0         0    0.1025   0.01985   0.06646
      6/49     14.1G    0.1032   0.02115   0.06281    0.1872        28      1216         0         0         0         0     0.102   0.02014   0.06667
      7/49     14.1G    0.1012   0.02253   0.06235    0.1861        28      1216         0         0         0         0   0.09982   0.02048   0.06605
      8/49     14.1G   0.09755   0.02213   0.06228     0.182        27      1216         0         0         0         0   0.09853   0.02095   0.06713
      9/49     14.1G   0.09076   0.02369    0.0621    0.1766        34      1216         0         0         0         0    0.0911   0.02193   0.06651
     10/49     14.1G   0.08517   0.02343   0.06119    0.1698        27      1216   0.08192   0.02824  0.001504 0.0005568    0.0827   0.02424   0.06598
     11/49     14.1G   0.08203    0.0235   0.06168    0.1672        21      1216  0.004226   0.06411  0.001608 0.0005039   0.08118   0.02801   0.06579
     12/49     14.1G    0.0801   0.02239   0.06091    0.1634        24      1216    0.9015   0.02204   0.01468  0.003604   0.08279   0.02085   0.06858
     13/49     14.1G    0.0757   0.02234   0.06077    0.1588        22      1216   0.01625   0.06461  0.009244  0.002622   0.07812    0.0218   0.06527
     14/49     14.1G   0.07374   0.02189   0.05989    0.1555        20      1216    0.1937   0.05999   0.01467  0.004354   0.06937   0.02054   0.06512
     15/49     14.1G   0.06936   0.02058   0.05977    0.1497        20      1216   0.05897   0.07206   0.02199   0.01027   0.07583   0.01924   0.06701
     16/49     14.1G   0.06813   0.02065   0.05874    0.1475        31      1216    0.1613    0.1152   0.03521   0.01388   0.06359   0.01923   0.06413
     17/49     14.1G   0.06643   0.01938   0.05917     0.145        19      1216   0.07563    0.1355   0.04218   0.01724   0.06189   0.01849   0.06314
     18/49     14.1G   0.06454   0.01894    0.0575     0.141        19      1216   0.08537    0.1216   0.04993   0.02449   0.05961   0.01772   0.06273
     19/49     14.1G   0.06266   0.01904   0.05644    0.1381        23      1216    0.1921    0.1452   0.06655   0.02423   0.05957   0.01712   0.06162
     20/49     14.1G   0.06093   0.01835    0.0557     0.135        17      1216   0.08089    0.2102   0.07123   0.03674   0.05766   0.01727   0.06086
     21/49     14.1G   0.05958   0.01756   0.05357    0.1307        16      1216   0.08158    0.2064   0.06793   0.03136   0.05673   0.01632   0.05941
     22/49     14.1G   0.05778   0.01835   0.05294    0.1291        14      1216    0.2559    0.1487   0.08561   0.04049   0.05299   0.01652   0.05851
     23/49     14.1G   0.05678   0.01745   0.05116    0.1254        21      1216    0.2034    0.1592   0.09796   0.05142   0.05537   0.01644   0.05629
     24/49     14.1G   0.05592   0.01734   0.05004    0.1233        11      1216   0.07383    0.2367    0.1018   0.04885    0.0518   0.01614   0.05584
     25/49     14.1G   0.05391   0.01753   0.04874    0.1202        14      1216    0.1881    0.1411    0.1086   0.05343   0.05008   0.01547   0.05498
     26/49     14.1G   0.05347   0.01693     0.048    0.1184        22      1216    0.3436    0.1502    0.1322   0.06769   0.05019   0.01503    0.0542
     27/49     14.1G   0.05191   0.01653   0.04605    0.1145        27      1216    0.3294    0.1681    0.1259     0.065   0.04902   0.01523   0.05332
     28/49     14.1G   0.05207   0.01625   0.04628    0.1146        28      1216    0.2192    0.2152    0.1502   0.08199   0.04814   0.01449   0.05186
     29/49     14.1G    0.0508   0.01562   0.04554     0.112        22      1216    0.3261    0.1607    0.1415   0.07755    0.0482   0.01473   0.05111
     30/49     14.1G   0.05016   0.01586   0.04324    0.1093        22      1216    0.1419    0.2509    0.1495   0.08696   0.04684   0.01487    0.0506
     31/49     14.1G   0.04934   0.01595   0.04288    0.1082        22      1216    0.2851    0.2052    0.1624   0.09248    0.0466   0.01425   0.05032
     32/49     14.1G   0.04912   0.01612   0.04261    0.1079        32      1216    0.1934    0.2169    0.1667   0.09618    0.0465    0.0145    0.0498
     33/49     14.1G   0.04719   0.01562   0.04154    0.1044        19      1216    0.4656    0.1835     0.171   0.09233   0.04656   0.01422   0.04886
     34/49     14.1G   0.04767    0.0151   0.04187    0.1046        18      1216    0.3691    0.2041    0.1808   0.09893   0.04731   0.01414   0.04972
     35/49     14.1G   0.04675   0.01539   0.03909    0.1012        26      1216    0.2253    0.2654    0.1763    0.1001   0.04641   0.01416   0.04837
     36/49     14.1G   0.04633   0.01561   0.03919    0.1011        25      1216    0.2297    0.2441    0.1774    0.1003   0.04612   0.01433   0.04788
     37/49     14.1G    0.0453   0.01533   0.03874   0.09937        21      1216    0.1945    0.3177    0.1767    0.1046   0.04375   0.01421   0.04757
     38/49     14.1G   0.04614   0.01528   0.03868    0.1001        29      1216    0.1958    0.2931    0.1875    0.1021   0.04506   0.01402   0.04659
     39/49     14.1G   0.04484   0.01467   0.03757   0.09708        26      1216    0.3158    0.2912    0.1878    0.1075   0.04514   0.01392    0.0461
     40/49     14.1G   0.04473   0.01456    0.0352   0.09449        29      1216     0.275     0.257    0.1976    0.1121   0.04398   0.01357   0.04594
     41/49     14.1G   0.04417   0.01494   0.03601   0.09512        13      1216    0.3679    0.2935    0.1973     0.109   0.04419   0.01363   0.04531
     42/49     14.1G    0.0431   0.01471   0.03431   0.09212        19      1216    0.3673    0.2713    0.2112    0.1179   0.04415   0.01373   0.04439
     43/49     14.1G   0.04286   0.01454   0.03555   0.09296        29      1216    0.3515    0.2898    0.2106    0.1166   0.04474    0.0134   0.04463
     44/49     14.1G   0.04391   0.01475   0.03469   0.09335        17      1216    0.3319     0.305    0.1977    0.1113   0.04443   0.01364   0.04455
     45/49     14.1G   0.04356   0.01507   0.03469   0.09333        27      1216     0.342    0.3048    0.2102    0.1224   0.04359   0.01346   0.04447
     46/49     14.1G    0.0419   0.01457   0.03392   0.09038        22      1216    0.2428    0.3763    0.2081    0.1241   0.04316   0.01353   0.04339
     47/49     14.1G   0.04205   0.01456    0.0335    0.0901        18      1216    0.2517    0.3344    0.1967     0.113    0.0428   0.01322    0.0437
     48/49     14.1G   0.04258   0.01482    0.0329    0.0903        22      1216    0.3614    0.3128     0.211    0.1219   0.04325   0.01317   0.04381
     49/49     14.1G   0.04163    0.0139   0.03171   0.08724        17      1216    0.2393    0.3201    0.2087     0.122   0.04264   0.01337    0.0433
